SetDesc: NNPDF 2.3 NLO global fit, alphas(MZ)=0.118. mem=0 => average on replicas; mem=1-100 => PDF replicas
Authors: NNPDF Collaboration. R.D. Ball, V. Bertone, S. Carrazza,  C.S. Deans, L. Del Debbio, S. Forte, A. Guffanti, N.P. Hartland, J.I. Latorre, J. Rojo and M. Ubiali
Reference: arXiv:1207.1303
Format: lhagrid1
DataVersion: 1
NumMembers: 101
Flavors: [-6, -5, -4, -3, -2, -1, 1, 2, 3, 4, 5, 6, 21]
OrderQCD: 1
FlavorScheme: variable
NumFlavors: 5
ErrorType: 
XMin: 1e-09
XMax: 1
QMin: 1.41421
QMax: 10000
MZ: 91.1876
MUp: 0
MDown: 0
MStrange: 0
MCharm: 1.41421
MBottom: 4.75
MTop: 175
AlphaS_MZ: 0.118002
AlphaS_OrderQCD: 1
AlphaS_Type: ipol
AlphaS_Qs: [1.414214e+00, 1.694634e+00, 2.030658e+00, 2.433312e+00, 2.915806e+00, 3.493973e+00, 4.186784e+00, 5.016969e+00, 6.011770e+00, 7.203827e+00, 8.632253e+00, 1.034392e+01, 1.239499e+01, 1.485275e+01, 1.779786e+01, 2.132695e+01, 2.555581e+01, 3.062320e+01, 3.669539e+01, 4.397162e+01, 5.269063e+01, 6.313850e+01, 7.565806e+01, 9.066008e+01, 1.086368e+02, 1.301781e+02, 1.559908e+02, 1.869217e+02, 2.239859e+02, 2.683995e+02, 3.216196e+02, 3.853927e+02, 4.618111e+02, 5.533824e+02, 6.631110e+02, 7.945974e+02, 9.521559e+02, 1.140956e+03, 1.367193e+03, 1.638290e+03, 1.963142e+03, 2.352408e+03, 2.818860e+03, 3.377804e+03, 4.047580e+03, 4.850163e+03, 5.811888e+03, 6.964311e+03, 8.345245e+03, 1.000000e+04]
AlphaS_Vals: [3.502424e-01, 3.197567e-01, 2.942516e-01, 2.726025e-01, 2.539968e-01, 2.378339e-01, 2.236606e-01, 2.115089e-01, 2.014300e-01, 1.922847e-01, 1.839487e-01, 1.763185e-01, 1.693079e-01, 1.628439e-01, 1.568646e-01, 1.513171e-01, 1.461560e-01, 1.413420e-01, 1.368410e-01, 1.326232e-01, 1.286625e-01, 1.249358e-01, 1.214229e-01, 1.181058e-01, 1.149683e-01, 1.119962e-01, 1.091765e-01, 1.065905e-01, 1.042806e-01, 1.020698e-01, 9.995210e-02, 9.792155e-02, 9.597289e-02, 9.410121e-02, 9.230202e-02, 9.057116e-02, 8.890478e-02, 8.729933e-02, 8.575149e-02, 8.425820e-02, 8.281662e-02, 8.142408e-02, 8.007810e-02, 7.877638e-02, 7.751675e-02, 7.629719e-02, 7.511582e-02, 7.397084e-02, 7.286060e-02, 7.178353e-02]
AlphaS_Lambda4: 0.342207
AlphaS_Lambda5: 0.239
