SetDesc: "NNPDF3.0 LO global fit, alphas(MZ)=0.130. mem=0 => average on replicas; mem=1-100 => PDF replicas"
SetIndex: 263000
Authors: NNPDF Collaboration. R.D. Ball, V. Bertone, S. Carrazza,  C.S. Deans, L. Del Debbio, S. Forte, A. Guffanti, N.P. Hartland, J.I. Latorre, J. Rojo and M. Ubiali
Reference: arXiv:1410.8849
Format: lhagrid1
DataVersion: 2
ForcePositive: 2
NumMembers: 101
Particle: 2212
Flavors: [-5, -4, -3, -2, -1, 1, 2, 3, 4, 5, 21]
OrderQCD: 0
FlavorScheme: variable
NumFlavors: 5
ErrorType: replicas
XMin: 9.9999997e-10
XMax: 1.0000000e+00
QMin: 1.0000000e+00
QMax: 1.0000000e+05
MZ: 9.1199997e+01
MUp: 0
MDown: 0
MStrange: 0
MCharm: 1.2750000e+00
MBottom: 4.1799998e+00
MTop: 1.7307001e+02
AlphaS_MZ: 0.1300000
AlphaS_OrderQCD: 0
AlphaS_Type: ipol
AlphaS_Qs: [1.0000000e+00, 1.0796795e+00, 1.1706605e+00, 1.2750000e+00, 1.2750000e+00, 1.3855224e+00, 1.5120252e+00, 1.6574510e+00, 1.8253968e+00, 2.0202851e+00, 2.2475839e+00, 2.5140953e+00, 2.8283343e+00, 3.2010288e+00, 3.6457884e+00, 4.1800003e+00, 4.1800003e+00, 4.7741985e+00, 5.4871731e+00, 6.3481822e+00, 7.3949838e+00, 8.6766729e+00, 1.0257580e+01, 1.2222692e+01, 1.4685240e+01, 1.7797415e+01, 2.1765667e+01, 2.6872751e+01, 3.3509815e+01, 4.2223629e+01, 5.3786850e+01, 6.9303848e+01, 9.0371864e+01, 1.1932981e+02, 1.5964717e+02, 2.1654037e+02, 2.9796371e+02, 4.1622632e+02, 5.9067157e+02, 8.5218951e+02, 1.2509458e+03, 1.8698527e+03, 2.8484863e+03, 4.4263682e+03, 7.0228691e+03, 1.1387848e+04, 1.8891875e+04, 3.2098328e+04, 5.5918199e+04, 1.0000000e+05]
AlphaS_Vals: [4.9800929e-01, 4.7218633e-01, 4.4768882e-01, 4.2445013e-01, 4.2445013e-01, 4.0547466e-01, 3.8727760e-01, 3.6983320e-01, 3.5311601e-01, 3.3710086e-01, 3.2176310e-01, 3.0707842e-01, 2.9302305e-01, 2.7957365e-01, 2.6670748e-01, 2.5440237e-01, 2.5440237e-01, 2.4432182e-01, 2.3458777e-01, 2.2519249e-01, 2.1612804e-01, 2.0738639e-01, 1.9895941e-01, 1.9083889e-01, 1.8301658e-01, 1.7548421e-01, 1.6823351e-01, 1.6125628e-01, 1.5454432e-01, 1.4808954e-01, 1.4188388e-01, 1.3591944e-01, 1.3018838e-01, 1.2468302e-01, 1.1939579e-01, 1.1431928e-01, 1.0944621e-01, 1.0476947e-01, 1.0028210e-01, 9.5977329e-02, 9.1848515e-02, 8.7889232e-02, 8.4093183e-02, 8.0454290e-02, 7.6966606e-02, 7.3624387e-02, 7.0422053e-02, 6.7354195e-02, 6.4415582e-02, 6.1601143e-02]
AlphaS_Lambda4: 0.342207
AlphaS_Lambda5: 0.239
