SetDesc: "PDF4LHC15_nlo_30. mem=0 => alphas(MZ)=0.118 central value; mem=1-30 => PDF symmetric eigenvectors"
SetIndex: 90900
Authors: The PDF4LHC Working Group
Reference: arXiv:1510.03865
Format: lhagrid1
DataVersion: 2
NumMembers: 31
Particle: 2212
Flavors: [-5, -4, -3, -2, -1, 1, 2, 3, 4, 5, 21]
OrderQCD: 1
FlavorScheme: variable
NumFlavors: 5
ErrorType: symmhessian
ErrorConfLevel: 68
XMin: 6.144210e-06
XMax: 1
QMin: 1.400000e+00
QMax: 100000
MZ: 91.1876
MUp: 0
MDown: 0
MStrange: 0
MCharm: 1.3
MBottom: 4.56
MTop: 172
AlphaS_MZ: 0.118000
AlphaS_OrderQCD: 1
AlphaS_Type: ipol
AlphaS_Qs:  [1.40000e+00,  1.46461e+00,  1.65924e+00,  1.89067e+00,  2.16749e+00,  2.50067e+00,  2.90430e+00,  3.39664e+00,  4.00145e+00,  4.75000e+00,  5.76715e+00,  7.07072e+00,  8.75819e+00,  1.09657e+01,  1.38856e+01,  1.77929e+01,  2.30855e+01,  3.03471e+01,  4.04448e+01,  5.46864e+01,  7.50724e+01,  1.04712e+02,  1.48517e+02,  2.14380e+02,  3.15212e+02,  4.72537e+02,  7.22946e+02,  1.12995e+03,  1.80616e+03,  2.95593e+03,  4.95886e+03,  8.53814e+03,  1.51079e+04,  2.75107e+04,  5.16275e+04,  1.00000e+05]
AlphaS_Vals:  [3.55510e-01,  3.46861e-01,  3.25128e-01,  3.05285e-01,  2.87097e-01,  2.70366e-01,  2.54928e-01,  2.40640e-01,  2.27384e-01,  2.15410e-01,  2.04123e-01,  1.93518e-01,  1.83540e-01,  1.74145e-01,  1.65289e-01,  1.56934e-01,  1.49046e-01,  1.41592e-01,  1.34546e-01,  1.27879e-01,  1.21568e-01,  1.15591e-01,  1.09927e-01,  1.04558e-01,  9.94659e-02,  9.46347e-02,  9.00494e-02,  8.56960e-02,  8.15617e-02,  7.76342e-02,  7.39022e-02,  7.03552e-02,  6.69832e-02,  6.37771e-02,  6.07279e-02,  5.78277e-02]
